19
108
Gender
Age [a]
Height [cm]
Weight [kg]
Adipose [%]
Water [%]
Muscles [%]
Bones [kg]
Puls [bpm]
SpO2 [%]
Breast girth [mm]
Waist girth [mm]
Hips girth [mm]
Thigh girth [mm]
Calf girth [mm]
Body height [mm]
Shoulder height [mm]
Leg length [mm]
Body volume [l]
    0
   17
  150
   44.7000
    6.4000
   44.9000
   20.8000
    5.0000
   11
   71
  770.5280
  614.6750
  898.4000
  499.4160
  315.6560
 1467.4600
 1233.0400
  662.4940
   45.0764
    1
   61
  201
  110.4000
   38.5000
   86.3000
   51.1000
   13.8000
  135
  100
 1458.6500
 1023.4500
 1260.3300
 1241.8600
  461.9940
 2031.0900
 1711.6700
  954.8430
  113.7100
    1   27  180   65.8000   13.2000   63.3000   46.7000   10.1000   70   99  938.2950  725.0520  962.9340  553.5550  353.6870 1826.6900 1544.9000  847.8130   67.6835
    0   27  170   59.4000   21.0000   57.6000   36.7000    7.3000   67  100  924.6630  686.3570  950.0940  567.4670  350.7900 1689.0600 1424.3500  786.3760   59.9389
    1   30  182   88.3000   15.1000   62.0000   40.4000   13.6000   75  100 1165.2600  881.2890 1026.8600  615.4980  415.5240 1813.4200 1531.6900  788.8050   87.9997
    1   27  183   91.1000   23.1000   56.2000   42.8000   11.3000  106   97  991.8000  815.8670 1029.5400 1216.1600  395.1800 1842.4200 1560.9000  791.3780   82.7338
    1   26  179   84.8000   23.1000   56.1000   41.7000   11.7000   85   99 1021.8100  907.8330 1062.9600 1241.8600  416.9620 1765.9800 1490.2100  733.9350   83.8877
    1   26  172   73.3000   20.3000   58.2000   43.8000   10.4000   79   99 1021.1000  833.2050 1002.3800  587.0610  401.1420 1712.7100 1424.4800  720.4210   74.6441
    0   25  167   56.5000   22.5000   56.6000   37.7000    6.6000   82   99  837.0290  677.6800 1011.9000  575.1170  352.2630 1677.1000 1416.3400  764.6960   57.4283
    0   23  167   55.5000   21.6000   57.2000   37.8000    6.4000   97   99  861.2250  730.9320  968.3120  551.0200  330.2660 1675.8400 1399.7900  740.9040   57.7378
    1   18  172   62.6000   16.8000   60.8000   48.2000    8.5000   75   97 1262.2500  771.4820  947.2040 1040.4200  369.1960 1703.4800 1428.8000  740.0700   64.6073
    1   18  189   61.0000    6.4000   68.3000   51.1000    9.1000   95   91 1458.6500  718.0430  940.9490 1076.8300  350.4820 1804.8700 1526.6500  815.0180   62.4531
    1   25  201   84.3000   13.8000   63.0000   44.0000   12.6000   97   98  995.2130  812.7380 1071.0300  578.7590  395.3160 2031.0900 1711.6700  954.8430   88.0992
    1   20  191   76.1000   16.7000   60.8000   45.7000   10.5000   90   97  947.3860  772.5340 1003.8900  560.7510  366.2820 1940.5800 1616.5800  851.2700   80.0143
    1   19  179   69.6000   14.5000   62.4000   46.6000    9.7000   98   98  937.0450  819.7690  996.9960  587.4600  365.2070 1803.6700 1505.2900  776.4700   72.7010
    1   20  189   89.0000   17.4000   60.3000   42.5000   12.2000   73   99 1069.4100  845.3090 1051.4100  596.4720  411.9230 1885.9200 1589.1200  823.2380   89.3972
    1   23  184   68.2000   11.7000   64.4000   48.8000   10.2000   88  100  915.8090  721.9150  948.8110  541.4480  374.5350 1859.3600 1540.5300  823.9530   68.8303
    1   18  188   73.4000   12.9000   63.6000   46.3000   10.3000   81   91 1223.2600  794.2040  963.6140 1049.5000  366.0050 1859.7800 1590.1800  839.0710   74.3812
    1   22  195  102.9000   21.6000   57.3000   40.3000   13.8000   80   98 1037.3200  859.2950 1183.0100  680.6870  424.3760 1972.2900 1653.5900  819.9930  104.6960
    1   24  180   62.7000    9.3000   66.2000   48.3000    9.6000   84  100  903.2400  730.0500  916.6790  522.5400  341.5300 1803.5700 1504.5400  766.5330   64.8090
    1   22  175   68.6000   15.9000   61.4000   45.9000    9.7000   88   98  914.1970  774.4400  995.7230  574.3550  377.1860 1740.0000 1455.6300  749.0500   69.4612
    1   22  185   84.7000   26.0000   54.0000   42.7000   10.9000   85   97 1018.4700  906.0430 1071.3100  619.3470  395.6340 1851.8700 1540.0200  779.1250   87.7588
    0   22  161   68.8000   31.5000   49.9000   34.7000    7.0000   92   97  929.2960  773.2600 1109.4700  671.9870  377.7480 1608.7400 1356.1200  709.8960   72.6213
    0   22  165   70.4000   30.7000   50.6000   34.9000    7.2000   89   98  864.3100  722.9130 1122.3100  677.2940  404.9580 1666.3200 1400.4800  722.6200   72.9127
    1   20  189   78.1000   15.4000   61.8000   44.9000   10.9000   80   97  957.7970  800.2190 1022.8800  578.5920  376.3450 1905.0300 1616.1500  871.7880   79.7891
    1   22  184   82.1000   19.7000   58.6000   43.2000   11.2000   75   97  996.2730  895.0360 1035.6500  587.4300  371.9070 1842.2300 1543.2600  786.2860   83.7008
    0   23  164   86.1000   36.2000   46.5000   32.8000    8.3000   71   98 1102.3400  839.2260 1210.0500  743.0840  461.9940 1643.3100 1372.5700  711.7220   89.5269
    1   20  193   68.0000    6.9000   68.0000   48.3000   10.3000   95   99  876.2230  703.4740  969.3870  534.2200  342.7870 1939.6100 1633.6700  862.7940   70.3396
    1   22  181   73.4000   16.2000   61.2000   45.2000   10.4000  100   98  994.2390  821.4140  985.3950  553.8200  380.4910 1832.2500 1537.3900  785.1910   75.8076
    0   22  173   70.9000   29.3000   51.6000   37.7000    7.4000  100   97  978.3980  793.9230 1071.7900  639.3180  379.4100 1751.2600 1467.8600  805.0320   73.6898
    1   26  189   78.8000    6.5000   68.3000   44.0000   12.6000   69  100  966.1610  798.8530 1016.9200  605.0550  415.1170 1880.7700 1600.7800  857.8580   79.7029
    0   23  167   60.0000   25.7000   54.3000   36.8000    6.6000   85   98  935.3650  754.7980 1008.8900  601.1560  357.8240 1669.7700 1399.9000  749.0320   64.6262
    1   22  174   78.1000   27.4000   53.0000   43.3000    9.9000   89   97 1027.8800  906.0100 1022.3100  576.8230  391.8950 1760.8600 1451.1100  681.5920   81.5894
    0   21  167   55.7000   21.5000   57.3000   38.2000    6.3000   90   97 1086.0400  666.5870  976.1770 1164.3200  345.6260 1679.2100 1404.8700  741.5850   57.3578
    1   24  179   79.9000   20.8000   57.8000   43.1000   11.1000   70   98 1027.8700  887.9670 1003.6600  584.9650  380.0370 1745.3600 1491.5100  738.7920   80.4329
    0   21  167   54.8000   19.9000   58.5000   38.3000    6.3000   62  100  906.2420  637.4620  898.4000  499.4160  379.2130 1682.6900 1415.1800  707.8800   56.7656
    0   21  167   52.2000   20.3000   58.2000   39.1000    6.0000   97   99  840.4610  643.8160  962.9190  578.8350  329.0920 1685.1400 1414.8800  735.5000   55.2383
    0   21  165   50.5000   20.4000   58.1000   39.2000    5.8000   90   97  868.1200  664.6080  927.7250  522.9380  343.7490 1641.9000 1389.7100  748.6180   52.3674
    1   30  180   76.9000   25.4000   54.5000   43.2000   10.8000   82   98  930.4710  850.1590 1036.6500  609.5370  382.1460 1772.7400 1503.1800  785.4140   78.2603
    1   22  175   73.3000   22.4000   56.7000   44.6000    9.8000   55   95 1007.0300  889.0330  987.1260  537.6770  346.0200 1736.4100 1462.4300  748.2000   73.7970
    0   23  170   55.1000   19.8000   58.6000   38.3000    6.5000  100   99  876.9230  695.6550  973.5080  547.6100  343.5030 1693.7000 1408.7000  754.4760   57.0335
    0   20  165   49.5000   18.4000   59.6000   39.8000    5.7000   87   97  770.5280  644.0990  918.2320  511.5930  317.8120 1670.0300 1388.4000  703.4990   51.2623
    0   20  160   55.2000   26.3000   52.8000   37.5000    5.8000   87   97  909.2380  755.6180  945.8930  550.3560  356.9380 1577.9300 1325.2700  672.5090   58.1533
    0   19  176   64.4000   22.4000   56.7000   37.7000    7.0000   84   99  882.7280  706.3180 1029.0000  608.0900  377.1150 1746.1400 1467.4000  777.6340   65.8341
    0   20  174   70.0000   27.5000   52.9000   36.1000    7.3000  110   98  989.3430  776.6930 1052.7700  634.5200  381.4260 1750.9800 1477.9300  804.0190   72.0241
    0   30  160   50.6000   22.3000   56.7000   36.8000    6.3000   95   98  855.4220  646.0620  947.8880  570.2600  341.1500 1593.3000 1325.3500  687.0460   52.8278
    0   21  155   54.7000   28.9000   51.9000   36.7000    5.7000  130   98  935.7560  736.9660  930.3890  553.2490  370.5080 1512.7200 1265.0000  666.5720   56.3585
    0   22  170   66.1000   25.3000   54.6000   36.2000    7.3000   64   97  935.2150  763.0590 1034.1500  626.2250  368.5990 1713.7300 1442.7400  774.9970   68.0802
    0   23  176   77.9000   28.2000   52.4000   34.9000    8.3000   67   99 1012.7100  749.5440 1130.0200  672.2190  398.0540 1755.0000 1474.3800  769.0260   79.5996
    1   22  182   75.7000   17.2000   60.5000   44.6000   10.6000  134   96  987.5300  806.9460 1032.4700  597.2560  389.4830 1818.5200 1559.0800  826.6930   77.1839
    0   21  178   75.6000   28.0000   52.5000   35.7000    7.9000   85   99  977.7040  773.0400 1065.7800  616.3640  406.7210 1783.6900 1493.4700  804.4120   77.6467
    0   24  165   52.2000   20.1000   58.3000   38.2000    6.2000   81   99  868.1240  675.2450  943.6540  568.4740  320.5900 1648.5000 1390.5800  747.3770   53.8993
    0   20  172   62.3000   25.0000   54.7000   37.6000    6.7000  100  100  922.9090  689.8370 1010.9200  610.6640  369.0830 1686.7900 1417.1500  761.8460   63.6368
    0   20  161   56.6000   26.3000   53.8000   37.3000    6.0000  100   99  875.5390  717.9760  977.7520  602.3640  370.0040 1619.0400 1357.6000  744.5570   57.6883
    0   19  170   56.0000   19.6000   58.7000   38.9000    6.3000  135  100  885.4010  647.9350  961.0460  560.3430  349.7200 1684.1700 1414.9900  755.5560   58.0641
    0   61  157   69.3000   38.5000   44.9000   28.7000    5.6000   86   96 1185.9000  898.6230 1072.1200  619.1740  376.3860 1563.1200 1314.1900  679.6690   74.6249
    0   20  164   54.3000   20.8000   57.8000   38.3000    6.1000   62   99  856.0110  662.7600  907.2840  536.2780  346.4320 1683.4700 1400.0200  734.5330   55.3731
    1   23  180   74.0000   17.2000   60.5000   44.7000   10.5000   85   97 1015.0900  806.6510  980.1270  567.3620  390.2680 1783.0800 1509.4100  809.0340   75.7933
    1   23  179   70.8000   15.4000   61.8000   45.6000   10.2000   55   97 1007.2700  786.6360  947.5050  540.1430  364.1380 1779.6700 1480.7100  780.9650   70.6509
    0   23  170   65.0000   24.6000   55.0000   36.3000    7.3000   86   98  914.7600  703.2600 1027.8300  635.9570  365.8140 1707.6300 1435.2800  752.9400   66.7688
    1   20  180   64.3000   10.4000   65.4000   48.4000    9.4000  106   99  941.4690  722.7740  968.9460  572.5820  359.1200 1785.0800 1484.7300  786.0110   67.4992
    0   23  176  102.6000   38.1000   45.2000   32.4000    9.7000   88   98 1162.5100 1000.2700 1260.3300  758.1990  451.1080 1742.0500 1462.8400  768.5390  106.4460
    0   24  158   55.9000   24.4000   54.5000   36.3000    6.3000   85   98  954.2280  777.5260  946.3820  576.9480  350.8420 1558.5800 1307.6800  679.8680   58.2953
    0   22  160   60.7000   29.0000   51.8000   35.9000    6.4000   55   99  963.9560  729.2490 1043.3700  620.9460  374.5640 1575.5700 1308.4300  678.5120   61.9114
    0   21  168   59.9000   24.4000   55.2000   37.4000    6.6000   80   97  971.7430  688.1330 1005.6000  593.3410  348.0930 1646.5000 1401.8500  757.2630   61.1124
    0   23  162   55.5000   24.0000   45.5000   37.1000    6.3000   95   97  810.6610  683.8780  981.0710  582.3380  341.5020 1586.0000 1330.6300  703.7350   56.0454
    0   20  170   58.7000   21.8000   57.1000   38.0000    6.5000   90   99  943.6820  674.0000  978.8020  555.2640  339.5870 1698.9700 1448.2500  782.8540   60.3857
    1   26  183   74.0000   11.9000   64.3000   44.7000   11.3000   62   98 1063.2100  786.9250 1028.3300  605.7710  361.8490 1824.4100 1539.6400  827.4000   75.0809
    1   24  180   92.8000   28.9000   51.9000   40.5000   11.0000  100   99 1127.3100  971.0940 1157.1200  687.8700  391.0200 1803.6000 1529.5200  798.5850   94.3055
    1   26  178   83.6000   26.1000   54.0000   41.9000   11.2000  100   98 1063.2000  910.4070 1085.4100  631.3710  429.4510 1760.6500 1453.2000  740.4320   84.5097
    1   23  176   79.2000   21.5000   57.3000   43.1000   10.8000   63   98 1044.2800  830.1610 1069.2000  621.0410  411.8790 1736.1800 1446.9200  758.9790   79.3068
    1   24  187   75.5000   15.1000   62.0000   45.0000   11.0000   75   97  982.0570  849.4330 1012.6900  594.6540  366.0700 1833.6000 1529.0200  806.2480   77.4898
    1   29  193   89.6000   20.1000   58.3000   41.7000   13.1000   62   99  989.0110  844.4200 1116.9700  676.3870  405.3010 1891.3700 1593.7100  824.1520   90.4136
    0   22  164   54.3000   21.9000   57.0000   37.9000    6.2000   95   97  896.2580  658.6940  989.6460  560.3140  334.8510 1638.7600 1364.2500  690.6160   56.5285
    1   21  174   67.8000   15.9000   61.4000   46.3000    9.5000   79   99  987.6050  780.6570  966.8090  559.4170  355.6640 1734.8600 1444.3800  739.9300   70.8023
    1   29  164   59.2000   10.1000   65.6000   48.8000    9.4000   60   98  951.7600  772.5200  976.0560  559.9950  347.2630 1620.9800 1365.1400  691.9940   60.5305
    0   39  168   62.9000   26.4000   53.7000   33.9000    7.7000   82  100  910.9400  766.5790 1004.5100  624.6980  374.5840 1670.0600 1390.8200  746.8770   66.8653
    0   24  177   98.0000   36.3000   46.5000   32.8000    9.6000  120  100 1247.6500 1023.4500 1227.0200  729.0000  441.9310 1788.1300 1523.6200  857.7030  103.4180
    1   20  191   78.4000   15.2000   61.9000   45.0000   11.1000   70   98  969.3710  819.0110 1036.2700  608.0430  374.8560 1883.2700 1600.1900  848.0440   80.0569
    0   25  158   49.4000   22.1000   56.9000   37.7000    5.8000   85   97  845.4740  638.0890  958.2660  538.4240  340.2050 1576.2200 1331.4500  701.9710   51.8887
    0   23  168   66.3000   27.1000   53.2000   35.7000    7.2000   65   99  963.6590  758.5720 1042.3700  609.1690  372.4570 1688.8400 1415.5900  749.9660   68.4748
    1   21  175   67.5000   16.0000   61.3000   46.5000    9.5000   88   98  963.5730  779.9010  968.2340  573.6640  375.8130 1722.0700 1456.6500  737.3430   69.9132
    1   23  188   68.0000   13.3000   63.3000   47.5000   10.0000   85   99  914.9160  746.0820  969.9260  540.7890  332.7430 1860.2700 1573.7300  839.0560   70.4967
    0   20  165   51.6000   19.6000   58.7000   39.1000    5.9000   11  100  869.1180  690.1260  921.9650  547.7340  336.4480 1661.5700 1390.9300  737.9350   53.1214
    1   22  179   75.3000    8.4000   66.9000   44.5000   11.4000   65  100 1016.1100  807.3790 1010.6800  567.6850  370.2980 1778.7000 1497.5800  790.9180   73.4699
    1   21  181   64.0000    9.5000   66.0000   48.4000    9.5000   64   99  940.1640  688.0510  960.2430  524.4220  351.8300 1788.5900 1501.5200  816.8840   62.8953
    0   22  172   59.7000   22.9000   56.2000   37.7000    6.7000   95  100  902.4180  700.4050  979.0170  604.2040  357.1600 1715.4900 1455.2300  792.8810   61.6749
    1   30  185   66.7000   14.5000   62.4000   46.6000   10.4000   97   99 1021.4000  782.4480  948.4980  550.9850  353.1100 1808.3100 1520.3400  808.7740   70.1740
    0   18  159   54.3000   26.0000   54.0000   37.9000    5.6000  120   97  901.6290  704.5720  955.3020  558.3700  346.8110 1614.6300 1345.5900  718.3010   57.2267
    1   32  180   70.3000   20.8000   57.8000   20.8000   10.5000  107   96  965.2100  829.8870  938.2270  524.3280  361.6290 1817.1700 1526.6400  804.6980   71.9412
    0   21  173   53.1000   18.1000   59.8000   39.7000    6.2000  112   99  876.9140  637.0940  982.3920  578.8340  331.4150 1710.8900 1439.9600  746.2190   57.2098
    0   21  178   64.1000   22.6000   56.5000   37.8000    7.2000  103   99  911.6390  701.1230 1002.3400  582.0520  368.9170 1812.7600 1525.2300  815.8240   67.0138
    0   33  169   49.2000   17.9000   59.9000   38.0000    6.6000   85  100  840.6080  642.7740  918.0260  534.8290  315.6560 1749.4300 1442.4100  790.6580   52.0216
    1   27  175   66.4000   19.3000   56.9000   45.9000    9.6000   90   98  956.2550  804.6510  912.5670  527.3190  380.2300 1782.2900 1492.2700  786.1370   68.2520
    0   19  159   56.2000   27.4000   53.0000   37.2000    5.8000   61   98  914.3620  678.9430 1015.8900  614.1030  355.6540 1569.5900 1321.8400  697.0360   59.2224
    1   20  195  110.4000   29.1000   51.8000   39.4000   13.4000  110   97 1150.6700  952.0560 1209.0600  707.0250  421.8920 1932.3600 1663.6700  871.8490  113.7100
    1   20  190   82.0000   13.7000   63.0000   44.1000   11.6000   74  100 1024.6400  788.4630 1022.1800  593.0580  382.3700 1885.6900 1597.2200  834.1320   83.6238
    1   24  170   70.5000   19.4000   58.8000   44.5000    9.9000   63   97  997.8090  821.9570 1016.8100  599.5940  367.4400 1699.3300 1455.9500  755.8950   71.2245
    1   17  189   77.9000   18.9000   59.6000   45.4000   10.2000   81  100 1448.6500  763.2240 1014.0800 1154.2200  392.1550 1895.0900 1595.0200  853.3390   78.8529
    0   21  170   55.8000   22.0000   58.9000   38.5000    6.3000   92   98  890.8080  683.1510  945.1430  537.0000  327.2030 1707.4700 1434.7600  766.6790   57.1095
    1   22  185   77.9000    7.7000   67.4000   44.4000   11.9000   65   99 1068.5100  806.9050 1012.0900  572.5520  367.9200 1876.1800 1587.6300  867.5790   76.1786
    1   21  190   84.2000    9.5000   66.1000   43.5000   12.5000  106   97 1069.7800  812.2240 1077.4500  620.6490  373.8170 1882.8000 1590.7100  843.2000   86.1080
    1   20  186   66.0000   12.3000   64.0000   48.3000    9.5000   98   99  938.4950  708.4670  950.4560  525.0180  341.4410 1853.3800 1578.1000  822.1580   68.3043
    0   20  169   52.7000   17.8000   60.0000   39.5000    6.1000   90   94  827.0740  655.6310  954.4900  551.2340  327.0510 1719.3000 1448.7300  769.1610   54.8513
    0   21  173   64.3000   22.9000   86.3000   37.0000    7.2000   99   71 1013.6300  699.3960  983.0840  583.7240  366.1120 1714.9600 1443.3500  786.4470   65.7073
    0   19  168   48.7000   15.8000   61.5000   40.7000    5.7000  120  100  848.0430  629.9090  905.1720  525.2300  317.5550 1668.7600 1394.2400  741.3770   52.4705
    0   25  168   53.8000   18.6000   59.4000   38.1000    6.6000  100   98  868.7080  674.8100  963.5070  577.5870  331.8540 1686.8500 1421.7600  750.0020   55.9439
    1   22  183   74.5000   19.3000   58.9000   45.1000   10.2000   64   99  939.4170  788.4970 1037.4300  607.8020  396.3420 1805.7200 1516.1400  799.9840   76.1416
    1   23  178   75.5000   18.8000   59.3000   44.1000   10.5000   68  100 1023.8600  805.2030  996.6360  582.9460  411.7810 1760.6500 1457.0300  762.7890   76.3189
    0   21  150   44.7000   23.0000   56.2000   38.5000    5.0000  104  100  855.4230  614.6750  921.6610  536.5220  330.4420 1467.4600 1233.0400  662.4940   45.0764
